[Settings]
NoOfTSP = 3
MaxDeltaT_StartEnd = 1.0
CoolingStartIndexMaxTrsh = 150
ExportZTHSamplesDecade = 10

[Interpolation]
AvgHalfWidth = 10
Tstart = 0.00013500000022759195
Tend = 0.0005679999999301799

[Materials]
Cth_Si = 700.0
rho_Si = 2330.0
kappa_SI = 148.0

